SSD
Full_mAP: 0.672990
title_list:
['INT_2', 'INT_3', 'INT_4', 'INT_5', 'INT_6', 'INT_7', 'INT_8', 'INT_9', 'INT_10', 'INT_11', 'INT_12', 'INT_13', 'INT_14', 'INT_15', 'INT_16', 'POT_2', 'FLOAT_4_E2', 'FLOAT_5_E2', 'FLOAT_5_E3', 'FLOAT_6_E2', 'FLOAT_6_E3', 'FLOAT_6_E4', 'FLOAT_7_E2', 'FLOAT_7_E3', 'FLOAT_7_E4', 'FLOAT_7_E5', 'FLOAT_8_E2', 'FLOAT_8_E3', 'FLOAT_8_E4', 'FLOAT_8_E5', 'FLOAT_8_E6']
js_macs_list:
[3.309771516977192, 2.2131974362062854, 1.6474767474796863, 0.6621620621017824, 0.2045172172809019, 0.05625027710283896, 0.01301316749300931, 0.0026964895225642595, 0.0006440790228198264, 0.00018130982049213799, 7.973331048451724e-05, 6.132500291327593e-05, 3.5999687564058855e-05, 4.9694070289435624e-05, 2.9075065224432706e-05, 3.7569404318204325, 1.4434704735673767, 0.6385418034267071, 0.048224666524025614, 0.17223522005001626, 0.01195026413195877, 0.03947435711294129, 0.0406595773185185, 0.0029714855484241093, 0.010517019288894678, 0.03944745394580138, 0.00991477071061798, 0.0007667331226363809, 0.002667975977347479, 0.010544959036728117, 0.03944105408245228]
js_param_list:
[2.114972708686298, 1.3393614232172142, 1.7686124146923667, 0.47524058599030405, 0.1300764092906372, 0.033574338280940405, 0.00794593923414694, 0.0018965069837325963, 0.0004928745067214822, 0.00017830628844239357, 6.268895055006317e-05, 5.582769318468573e-05, 4.311676549723225e-05, 4.210410121919815e-05, 4.502597946581167e-05, 3.9062775677574075, 1.0288619851390057, 0.46854343426802436, 0.030476842516069313, 0.12608720803716622, 0.006985504690459444, 0.02410385413405101, 0.02980200338415911, 0.0017782738838258909, 0.006007319219903798, 0.02406073376324185, 0.007237120956520477, 0.0005355007699860035, 0.001555787044477995, 0.006092101521133251, 0.02403960845087717]
ptq_mAP_list:
[0.0004586821517081744, 0.001254982528853922, 0.00012419761173652766, 0.0030944403133057333, 0.577215125057445, 0.6572209066720435, 0.6711714390627818, 0.673220577311725, 0.6725078477173001, 0.6724755312149381, 0.6728804201668153, 0.673136229876022, 0.6731655414993273, 0.673042550492353, 0.6730876865736295, 0.00041424749479033616, 0.0002699586601560923, 0.001399751061678897, 0.5987103914953071, 0.5684239885251412, 0.6548285718497561, 0.6008896157895899, 0.6586794808146021, 0.6684686931721016, 0.6561440808232217, 0.5978292792107055, 0.670408314133247, 0.6727421610456413, 0.6701549977758416, 0.6536103508424287, 0.5988595755767456]
mAP_loss_list:
[0.999318441459599, 0.9981352139877058, 0.9998154540291981, 0.9954019527129181, 0.14231260870636814, 0.023431541418666935, 0.0027023622721938567, -0.00034246445330339374, 0.0007165846949309701, 0.0007646039782161316, 0.00016297707375032916, -0.0002171320963536808, -0.00026068641195625014, -7.793334235522582e-05, -0.0001450013142824031, 0.999384467180895, 0.9995988668194317, 0.9979201015627711, 0.1103726643148958, 0.15537541082567746, 0.026986325976026532, 0.10713454196004403, 0.02126423741530251, 0.006718388484390541, 0.025031603359284917, 0.11168191430508194, 0.003836294148942043, 0.00036841712515303594, 0.004212698432757996, 0.028796487824591634, 0.11015099079998439]


