Yolo_v5
Full_mAP: 0.709980
title_list:
['INT_4', 'INT_5', 'INT_6', 'INT_7', 'INT_8', 'INT_9', 'INT_10', 'INT_11', 'INT_12', 'INT_13', 'INT_14', 'INT_15', 'INT_16', 'POT_4', 'POT_8', 'FLOAT_4_E2', 'FLOAT_5_E2', 'FLOAT_5_E3', 'FLOAT_6_E2', 'FLOAT_6_E3', 'FLOAT_6_E4', 'FLOAT_7_E2', 'FLOAT_7_E3', 'FLOAT_7_E4', 'FLOAT_7_E5', 'FLOAT_8_E2', 'FLOAT_8_E3', 'FLOAT_8_E4', 'FLOAT_8_E5', 'FLOAT_8_E6']
js_macs_list:
[2.846378306088038, 0.7790172562208026, 0.1850983265786926, 0.0448460681500146, 0.010997689437743246, 0.0027198848299394723, 0.0006540429823271552, 0.0001645173068327494, 6.0473011316389586e-05, 4.682850742278787e-05, 4.670090293359407e-05, 4.534260223300635e-05, 5.387380712770096e-05, 0.5814131625275477, 0.5716041418918173, 3.5136344201904723, 0.891350764972856, 0.16586263601234535, 0.1987881155466458, 0.04220905817193122, 0.16027375213077177, 0.04652914889267411, 0.01069685542081515, 0.04129101809420535, 0.16028526616212907, 0.011254377125485921, 0.0025990764204634623, 0.010486041542788368, 0.04129246158331808, 0.16027720147260696]
js_param_list:
[3.5290379782156083, 1.1070720708585582, 0.2629378237032652, 0.06371474595842301, 0.015659041354819235, 0.003856076816668974, 0.0009232229104113683, 0.00020652106364536853, 6.20315646809786e-05, 5.717350748125227e-05, 6.443650256198907e-05, 5.7321321765130045e-05, 6.382355447402688e-05, 0.291501706737181, 0.27458278433259686, 4.079518301842269, 1.2610874311926317, 0.08678505593600126, 0.2808275770902691, 0.021528131883000245, 0.0769471621514895, 0.065810699479287, 0.0053308205880975975, 0.019957638214649707, 0.07697632535231971, 0.015929746244837596, 0.0012737145816945489, 0.004975954196143904, 0.019955368050461407, 0.07697378997381747]
ptq_mAP_list:
[2.7832563762059947e-08, 0.0, 0.001467009468178921, 0.4197760404876013, 0.683454420571401, 0.7051040158635863, 0.7107576851146298, 0.7106823613443913, 0.709945267755115, 0.7098058801161419, 0.7098234592844628, 0.7096766935707887, 0.709663711681168, 0.0, 0.0, 0.0, 0.0, 0.20171562828487705, 0.0006374999999999999, 0.6473052267836982, 0.21453586696251414, 0.48191421612639596, 0.702281923863994, 0.6705285742417242, 0.15230218965991607, 0.6694491687517665, 0.7100422454668778, 0.7004055725598639, 0.6690631101678483, 0.18852096299296353]
mAP_loss_list:
[0.9999999607981155, 1.0, 0.9979337320083931, 0.4087496945880376, 0.03736136433939202, 0.006868128437501656, -0.0010950074944463652, -0.0009889147262489954, 4.927413577037909e-05, 0.00024560021483338205, 0.0002208401341328521, 0.0004275581567551722, 0.0004458430169251372, 1.0, 1.0, 1.0, 1.0, 0.7158855786736544, 0.9991020877007123, 0.08827713800419895, 0.6978284022211765, 0.3212287029623504, 0.010843016462843512, 0.05556728810114913, 0.785483906973972, 0.05708761981150474, -8.731798995285511e-05, 0.013485838288354127, 0.05763137942051779, 0.7344701312236063]


